100001212392254
100004706850243
100005212125984
100006736352403
100008328401559
100009553281742
100009891288452
100009930616964
100010479462227
100010520946869
100011844884642
100012049869231
100013434589128
100013560392219
100013954425455
100014106819173
100014250150602
100014255685249
100015335828880
100015500375809
100016700087300
100016715311997
100020216200634
100021650363921
100021862185448
100022701334728
100022941442118
100023104821252
100023568646521
100023723355872
100023784881453
100023861393993
100023990804663
100024100690311
100024601532394
100025256643152
100025316253656
100025423063337
100026172198689
100026652972483
100026900418452
100026913845860
100027095431626
100027181160342
100027703487118
100028129193729
100028273144223
100028328752381
100028853416688
100029656339277
100029738499429
100030023562384
100030512680930
100032762001711
100033309103352
100033381319051
100033626142186
100034483000910
100035331274745
100035629153050
100035908324439
100036393800834
100037376136254
100037670131502
100037680615461
100037686740395
100037775272846
100037807722378
100037969150642
100038781262586
100039012999306
100039121790691
100039136391753
100039248320220
100039997445094
100040524857124
100040855041755
100040884302016
100041024464167
100041101030623
100041231502742
100041237235709
100041529773880
100041550830694
100041569961817
100041867137906
100042068481769
100042163451882
100042223538978
100042358650899
100042479524279
100042504332051
100042526058376
100043129835797
100043275151799
100043635831436
100043785879290
100043812763367
100043858872555
100043875511486
100043916973322
100043942610611
100044467743119
100044660590050
100045039241949
100045203676023
100045261284443
100045281700305
100045359775467
100045498863677
100045618103982
100045664509437
100045790992186
100045953353317
100045984803628
100046167551963
100046288830431
100046320498146
100046472888872
100046502585137
100046914258008
100046961076519
100046988629790
100047232338807
100047303119307
100047331053775
100047357989973
100047416640601
100047445073107
100047592432392
100047688280539
100047742602454
100047863928128
100047952906210
100047987821046
100048071270787
100048186457295
100048373210125
100048442174628
100048511484328
100048539231289
100048594278596
100048641148603
100048691244047
100048766462968
100048880453393
100048897251192
100048900249072
100048906533604
100048968913233
100048988397321
100049000099247
100049053544408
100049095333139
100049194461455
100049207518575
100049220754133
100049227041344
100049227293998
100049235781060
100049252852558
100049257683084
100049273072205
100049273552486
100049277390723
100049301195529
100049302347705
100049329800528
100049374180710
100049410613431
100049411605170
100049445774156
100049481883221
100049492663360
100049497634753
100049508377910
100049594419131
100049603381863
100049608158598
100049620543270
100049670673588
